//	가
9048,
9043,
9044,
9067,
9064,
9065,
9047,
9073,
9072,
9054,
9055,
9053,
9061,
9066,
9052,
9057,
-1,

//	나
9153,
9152,
9151,
9150,
9160,
9158,
9159,
9157,
9156,
-1,

//	다
9129,
9130,
9140,
9148,
9137,
9138,
9091,
-1,

//	라
9230,
9227,
9226,
9225,
9228,
9229,
9242,
9241,
9234,
9233,
9231,
9235,
9232,
-1,

//마
9201,
9203,
9202,
9209,
9211,
9210,
9167,
9206,
9208,
9207,
9205,
9204,
-1,

//	바
9179,
9018,
9170,
9176,
9177,
9168,
9162,
9163,
9197,
9193,
9022,
9024,
9025,
9026,
9023,
9199,
9028,
9082,
9077,
9174,
9019,
9186,
9020,
-1,

//	사
9224,
9223,
9080,
9121,
9103,
9112,
9115,
9116,
9117,
9085,
9081,
9102,
9136,
9104,
9111,
9087,
9088,
9096,
-1,

//	아
9105,
9000,
9001,
9009,
9007,
9005,
9006,
9008,
9010,
9212,
9164,
9003,
9002,
9222,
9035,
9033,
9030,
9031,
9032,
9041,
9038,
9039,
9036,
9037,
9236,
9240,
9239,
9237,
9238,
9161,
9154,
9042,
9243,
9221,
9215,
9071,
9021,
9027,
9029,
9220,
9213,
9214,
9216,
9217,
9218,
9219,
9014,
9155,
9015,
9175,
9034,
9011,
9013,
9012,
9108,
9040,
9017,
9016,
-1,

//자
9089,
9107,
9094,
9079,
9118,
9132,
9143,
9142,
9120,
9119,
9114,
9113,
9125,
9128,
9127,
9126,
9084,
9122,
9135,
9123,
9098,
9100,
9099,
9133,
9095,
9093,
9092,
9090,
9086,
9083,
-1,

//차
9200,
9106,
9134,
9109,
9110,
9097,
9101,
-1,

//	카
9050,
9045,
9046,
9075,
9076,
9068,
9062,
9063,
9069,
9074,
9078,
9059,
9060,
9056,
9058,
-1,

//타
9124,
9139,
9141,
9146,
9147,
9145,
9149,
-1,

//	파
9171,
9180,
9183,
9191,
9192,
9196,
9195,
9198,
9004,
9185,
9190,
9189,
9187,
9188,
9172,
9173,
9181,
9182,
-1,

//하
9144,
9165,
9166,
9131,
9051,
9169,
9244,
9194,
9049,
9070,
9184,
9178,
-1,

